418
1058
1080
32
1089
1080
32
1082
1086
1084
1072
1085
1076
1080
1088
32
1085
1072
32
1082
1072
1090
1072
1087
1091
1083
1090
46
32
1058
1074
1086
1103
1090
32
1075
1083
1072
1074
1085
1086
1082
1086
1084
1072
1085
1076
1074
1072
1097
13
10
1090
1080
32
1082
1072
1079
1074
1072
44
32
1095
1077
32
1089
1090
1088
1072
1085
1072
1090
1072
32
1090
1080
32
1077
32
1085
1072
1087
1072
1076
1085
1072
1090
1072
32
1086
1090
32
1080
1079
1074
1098
1085
1079
1077
1084
1085
1080
13
10
1085
1072
1096
1077
1089
1090
1074
1077
1085
1080
1094
1080
32
1089
1098
1089
32
1089
1092
1077
1088
1080
1095
1085
1080
32
1082
1086
1088
1072
1073
1080
46
32
1058
1088
1103
1073
1074
1072
32
1076
1072
32
1075
1080
32
13
10
1091
1085
1080
1097
1086
1078
1080
1096
32
33
32
1059
1087
1088
1072
1074
1083
1103
1074
1072
1081
32
1089
1098
1089
32
1089
1090
1088
1077
1083
1082
1080
1090
1077
32
1080
32
1089
1090
1088
1077
1083
1103
1081
32
1089
32
13
10
1084
1080
1096
1082
1072
1090
1072
46
32
1050
1072
1090
1086
32
1091
1083
1091
1095
1080
1096
32
1075
1086
1083
1103
1084
1086
32
1080
1079
1074
1098
1085
1079
1077
1084
1085
1086
32
1082
1098
1083
1073
1086
44
32
13
10
1090
1086
32
1089
1077
32
1088
1072
1079
1076
1077
1083
1103
32
1085
1072
32
1087
1086
45
1084
1072
1083
1082
1080
32
1082
1098
1083
1073
1072
46
32
1057
1072
1084
1086
32
1085
1072
1081
45
1084
1072
1083
1082
1080
1090
1077
13
10
1091
1084
1080
1088
1072
1090
32
1082
1072
1090
1086
32
1075
1080
32
1091
1094
1077
1083
1080
1096
46
32
1055
1086
1085
1103
1082
1086
1075
1072
32
1082
1072
1090
1086
32
1091
1073
1080
1077
1096
32
1080
1079
1074
1098
1085
1079
1077
1084
1085
1086
13
10
1086
1090
32
1085
1077
1075
1086
32
1087
1072
1076
1072
32
1088
1077
1084
1086
1085
1090
1077
1085
32
1082
1086
1084
1087
1083
1077
1082
1090
44
32
1082
1086
1081
1090
1086
32
1087
1086
1087
1088
1072
1074
1103
32
1090
1074
1086
1103
32
13
10
1082
1072
1090
1072
1087
1091
1083
1090
46
0
